000000000000
000000000100
000000000111
000000001001
000000011011
000000100000
000000101000
000000110010
000000110101
000000111100
000000111101
000000111110
000001000100
000001001101
000001001111
000001010111
000001011000
000001011011
000001011100
000001100000
000001100110
000001100111
000001101001
000001101111
000001110000
000001111010
000001111100
000010001010
000010010011
000010011101
000010011111
000010100001
000010100011
000010100101
000010101001
000010110000
000010110001
000010110011
000010110101
000010110110
000010111111
000011000000
000011001100
000011001110
000011001111
000011010111
000011011000
000011011001
000011011101
000011100011
000011101000
000011101010
000011110111
000011111001
000011111100
000011111110
000011111111
000100000000
000100000001
000100001011
000100001101
000100010000
000100010001
000100010011
000100011000
000100011010
000100011111
000100100101
000100101000
000100101111
000100110001
000100110011
000100110100
000100110111
000100111001
000100111010
000100111100
000100111110
000101000010
000101000100
000101001000
000101010000
000101010010
000101011111
000101100001
000101100010
000101101001
000101101011
000101110111
000101111111
000110000000
000110000001
000110000100
000110000101
000110000110
000110001001
000110001110
000110010101
000110010111
000110011010
000110011011
000110011110
000110011111
000110100001
000110110000
000110110010
000110110100
000110111001
000110111010
000110111011
000110111100
000111000001
000111000100
000111000101
000111000110
000111001101
000111010001
000111010100
000111010110
000111011010
000111011100
000111100101
000111101100
000111101101
000111110000
000111110100
000111110111
000111111000
001000000010
001000000100
001000000110
001000000111
001000001000
001000010001
001000010011
001000010101
001000010110
001000100000
001000100100
001000100111
001000101001
001000101111
001000110001
001000110100
001000111110
001001000110
001001001001
001001001100
001001001101
001001010010
001001010101
001001010110
001001100101
001001101000
001001101001
001001110010
001001110011
001001110101
001001111000
001001111101
001010010000
001010100010
001010100011
001010100101
001010100111
001010101010
001010101101
001010110100
001010110110
001010111000
001010111010
001010111101
001011000001
001011000011
001011000110
001011000111
001011001010
001011001011
001011001101
001011010010
001011010110
001011011000
001011100000
001011100001
001011110000
001011110101
001011111011
001011111100
001011111101
001100000001
001100000101
001100001011
001100010001
001100011101
001100011111
001100100111
001100101011
001100101111
001100110001
001100110111
001100111010
001101000001
001101000010
001101000011
001101000101
001101010010
001101010100
001101010101
001101100001
001101101111
001101110101
001101111001
001101111010
001101111101
001101111111
001110000001
001110000010
001110000011
001110010010
001110011000
001110100000
001110100010
001110100011
001110100101
001110100110
001110101000
001110101001
001110101010
001110101011
001110110000
001110110100
001110110101
001110111001
001110111010
001110111100
001111000011
001111000111
001111001010
001111010010
001111011001
001111011010
001111011100
001111100000
001111100010
001111100111
001111101011
001111101101
001111101111
001111110000
001111110001
001111110010
001111110110
001111111100
010000000000
010000000001
010000000100
010000000111
010000001001
010000001011
010000001100
010000011010
010000011011
010000100010
010000100110
010000101001
010000101101
010000101111
010000110001
010000110010
010000110100
010000111010
010000111011
010000111111
010001000001
010001000010
010001000110
010001001011
010001001110
010001010100
010001010111
010001011000
010001011001
010001100000
010001100101
010001100111
010001101110
010001101111
010001110101
010001111010
010001111011
010001111100
010010000111
010010001001
010010001100
010010011000
010010011010
010010011011
010010100001
010010100011
010010101110
010010110010
010010110011
010011000001
010011000010
010011000100
010011000110
010011001010
010011001100
010011010001
010011010011
010011010111
010011011010
010011011101
010011011110
010011100111
010011101001
010011101101
010011110001
010011111001
010100000000
010100000111
010100001100
010100001111
010100010101
010100011001
010100011010
010100011100
010100100011
010100100100
010100100101
010100100111
010100101001
010100101010
010100110000
010100110001
010100110010
010100111000
010100111100
010100111101
010100111111
010101000000
010101001000
010101001100
010101001111
010101010110
010101011111
010101100011
010101101011
010101101101
010101110010
010101111001
010110000001
010110000110
010110000111
010110001000
010110001001
010110001101
010110001110
010110011100
010110011101
010110101000
010110101110
010110101111
010110110011
010110110110
010111000000
010111000100
010111000110
010111000111
010111001100
010111001110
010111010100
010111010111
010111011101
010111011110
010111011111
010111100101
010111101000
010111111111
011000001001
011000001011
011000010100
011000010101
011000010111
011000100000
011000100010
011000100011
011000101101
011000101111
011000110001
011000110010
011000110111
011000111010
011000111011
011001000001
011001010011
011001100000
011001100110
011001100111
011001101001
011001101110
011001110100
011001110110
011001110111
011001111000
011010000011
011010000100
011010001000
011010001010
011010001011
011010001101
011010010000
011010011011
011010011101
011010011110
011010100000
011010101010
011010101011
011010101100
011010101111
011010110000
011010110001
011010110011
011010110100
011010110110
011010111010
011010111011
011010111110
011011000011
011011000101
011011001100
011011010000
011011011001
011011100001
011011100100
011011100110
011011100111
011011101000
011011101111
011011110110
011011111000
011011111011
011011111111
011100000001
011100000110
011100000111
011100001001
011100001100
011100001111
011100010000
011100100010
011100100111
011100101001
011100101111
011100110110
011100111011
011100111100
011100111101
011101000001
011101000110
011101001000
011101001001
011101001111
011101010001
011101010010
011101010011
011101010110
011101011101
011101100010
011101101010
011101101011
011101101101
011101110001
011101110111
011101111100
011101111111
011110000010
011110000100
011110000110
011110000111
011110001100
011110001110
011110010000
011110011010
011110011011
011110011101
011110011111
011110101000
011110101001
011110101010
011110101101
011110110000
011110111000
011110111100
011110111101
011111000001
011111001000
011111001010
011111001011
011111001101
011111010010
011111010101
011111011010
011111100000
011111100001
011111100010
011111100100
011111101011
011111110100
011111111011
011111111101
100000000000
100000000101
100000001001
100000001111
100000010010
100000011100
100000100101
100000101011
100000110010
100000111010
100000111100
100001000110
100001001001
100001001010
100001001110
100001010000
100001010011
100001010101
100001011111
100001100011
100001101000
100001101010
100001101100
100001101101
100001110101
100001111011
100001111101
100010001010
100010001011
100010010011
100010010100
100010010110
100010011001
100010011110
100010100100
100010100110
100010101010
100010101101
100010101110
100010110101
100010110110
100010111010
100010111100
100011000000
100011000101
100011000111
100011001001
100011011001
100011100001
100011100011
100011101000
100011101001
100011101010
100011101011
100011101110
100011110110
100011110111
100100000011
100100000100
100100000111
100100001001
100100001011
100100011011
100100011100
100100100100
100100100101
100100100110
100100101110
100100101111
100100110000
100100110001
100100110110
100100110111
100100111101
100100111111
100101000001
100101001100
100101001111
100101010001
100101010010
100101010101
100101010111
100101011100
100101101010
100101101100
100101101101
100101110010
100101110110
100101110111
100101111100
100101111101
100110000000
100110000010
100110000011
100110000101
100110000111
100110001000
100110001110
100110010110
100110011011
100110100110
100110101000
100110101010
100110101110
100110110111
100110111001
100110111101
100110111110
100111000101
100111000111
100111001011
100111001110
100111011011
100111011100
100111101000
100111101010
100111101110
100111110000
100111110010
100111110111
100111111001
100111111100
101000001000
101000001011
101000001100
101000001110
101000001111
101000011101
101000100001
101000100100
101000100110
101000101010
101000101100
101000101101
101000110101
101000111001
101000111010
101000111110
101001000001
101001000010
101001000011
101001000100
101001000110
101001001100
101001001110
101001001111
101001010000
101001011100
101001011101
101001100001
101001100111
101001101100
101001110001
101001110010
101001110110
101001111000
101001111011
101010000000
101010000110
101010001011
101010001111
101010010001
101010100011
101010101011
101010101101
101010110001
101010110010
101010110100
101010110101
101010110111
101010111110
101011000101
101011001101
101011001111
101011011110
101011100000
101011100001
101011100110
101011100111
101011110001
101011110101
101011110111
101011111100
101011111101
101100000001
101100000011
101100000101
101100001000
101100001011
101100001100
101100001111
101100010001
101100010101
101100011001
101100100110
101100101010
101100101110
101100101111
101100110000
101100110100
101100110101
101100110110
101100111000
101101000110
101101001001
101101010011
101101010100
101101010101
101101010111
101101011000
101101011001
101101011100
101101100000
101101101000
101101101110
101101110011
101101110111
101101111111
101110000011
101110000100
101110000101
101110001100
101110011111
101110100000
101110100001
101110100010
101110100101
101110101000
101110101100
101110101111
101110110000
101110110101
101110111001
101110111011
101110111111
101111000011
101111000101
101111001100
101111001101
101111010010
101111010011
101111010101
101111010110
101111011010
101111100000
101111100001
101111100110
101111101110
101111110001
101111111000
101111111010
101111111100
101111111101
101111111110
110000000000
110000000011
110000000110
110000001100
110000010010
110000011011
110000011100
110000100010
110000100100
110000100101
110000100110
110000101010
110000101100
110000110010
110000110100
110000110110
110000110111
110000111001
110000111101
110001000001
110001000100
110001001001
110001001101
110001010010
110001010111
110001011011
110001011100
110001011111
110001100000
110001100001
110001101110
110001111010
110001111100
110010001010
110010001011
110010001101
110010001110
110010010000
110010010101
110010011001
110010011010
110010011101
110010100011
110010100100
110010101010
110010101110
110010110101
110010111001
110011000100
110011000110
110011001000
110011011010
110011011100
110011011101
110011100001
110011100010
110011100101
110011101000
110011110000
110011110001
110011110101
110011110111
110011111000
110011111101
110100000010
110100001011
110100001110
110100010101
110100010110
110100011000
110100011010
110100100010
110100100111
110100101001
110100101011
110100101101
110100110000
110101000101
110101000111
110101001000
110101001110
110101010101
110101011001
110101100100
110101101000
110101101001
110101101101
110101110010
110101111010
110101111011
110110000011
110110001000
110110001001
110110001010
110110001110
110110010100
110110011000
110110011001
110110011101
110110101001
110110111000
110111000000
110111000001
110111000100
110111001001
110111001100
110111001101
110111001110
110111010100
110111010110
110111010111
110111011000
110111011101
110111100010
110111101010
110111110100
110111111000
110111111001
110111111010
110111111110
111000000000
111000000101
111000001101
111000010000
111000011110
111000100010
111000100111
111000101001
111000101100
111000110001
111000111010
111000111011
111001000110
111001001011
111001010100
111001010110
111001010111
111001101001
111001110100
111001111000
111001111001
111001111011
111010000010
111010001010
111010001011
111010001110
111010010000
111010010010
111010010100
111010010111
111010011011
111010011101
111010011111
111010100111
111010101010
111010101011
111010110000
111010110100
111010110101
111010110111
111011000000
111011001101
111011001111
111011010001
111011100100
111011101000
111011110000
111011110101
111011110111
111011111000
111011111010
111011111101
111100000010
111100001110
111100010110
111100011010
111100011101
111100011111
111100100010
111100100011
111100101001
111100101010
111100101100
111100110000
111100110010
111100110100
111100110111
111100111010
111101000011
111101000101
111101000111
111101001011
111101001101
111101010010
111101011010
111101011100
111101100001
111101101100
111101110001
111101110010
111101110101
111110000110
111110001010
111110001100
111110001101
111110001110
111110010100
111110011101
111110100011
111110100111
111110101010
111110101011
111110101100
111110110011
111110110100
111110110111
111110111100
111111000100
111111000101
111111001001
111111001101
111111010001
111111010010
111111010101
111111010111
111111011101
111111011110
111111100011
111111100101
111111101000
111111101001
111111101101
111111110111
111111111100
111111111111